"<HEADER software/>"
EwEVersion,"6.7.0.19005 (compiled 6/26/1943)"
Date,"11/19/2024 3:02:05 PM"
"<HEADER ecopath/>"
ModelName,"OSW high res model"
ModelSource,"C:\Users\holden.harris\Documents\Research\R03 OSW\NCEAS GEI-Wind\EwEE Strawman Model\OSW strawman.eweaccdb"
"<HEADER ecosim/>"
EcosimScenario,"sim01_test run"
TimeSeries,-
StartYear,2020
"<HEADER end/>"

Data,"Prey of mobile inverts"

timestep\group,"sessile epifauna",macrolagae,detritus,
1,0.4000028,0.400001,0.1999962
2,0.3999892,0.4000118,0.199999
3,0.3999995,0.400003,0.1999976
4,0.4000055,0.3999985,0.199996
5,0.4000087,0.3999967,0.1999946
6,0.4000101,0.3999963,0.1999937
7,0.4000106,0.3999964,0.1999931
8,0.4000104,0.3999967,0.1999928
9,0.4000097,0.3999974,0.1999929
10,0.4000087,0.3999981,0.1999933
11,0.4000072,0.399999,0.1999938
12,0.4000055,0.4,0.1999945
13,0.4000038,0.4000012,0.1999952
14,0.4000022,0.4000022,0.1999958
15,0.4000007,0.400003,0.1999964
16,0.3999995,0.4000037,0.1999968
17,0.3999989,0.4000042,0.199997
18,0.3999985,0.4000045,0.1999971
19,0.3999984,0.4000046,0.1999971
20,0.3999986,0.4000045,0.1999969
21,0.3999991,0.4000042,0.1999967
22,0.3999996,0.4000039,0.1999965
23,0.4000003,0.4000036,0.1999962
24,0.400001,0.4000032,0.1999959
25,0.4000016,0.4000027,0.1999958
26,0.4000022,0.4000024,0.1999955
27,0.4000027,0.4000021,0.1999954
28,0.400003,0.4000018,0.1999952
29,0.4000035,0.4000015,0.199995
30,0.4000039,0.4000012,0.199995
31,0.4000042,0.400001,0.1999948
32,0.4000046,0.4000007,0.1999947
33,0.4000049,0.4000005,0.1999945
34,0.4000052,0.4000003,0.1999945
35,0.4000057,0.4000001,0.1999943
36,0.4000059,0.3999999,0.1999942
37,0.4000064,0.3999997,0.1999941
38,0.4000065,0.3999995,0.1999939
39,0.4000068,0.3999994,0.1999938
40,0.400007,0.3999992,0.1999938
41,0.4000072,0.3999991,0.1999937
42,0.4000073,0.3999991,0.1999937
43,0.4000074,0.3999991,0.1999936
44,0.4000074,0.399999,0.1999936
45,0.4000072,0.399999,0.1999937
46,0.4000071,0.3999991,0.1999937
47,0.4000069,0.3999992,0.1999938
48,0.4000067,0.3999994,0.1999939
49,0.4000064,0.3999996,0.1999939
50,0.400006,0.3999998,0.1999942
51,0.4000056,0.4000001,0.1999943
52,0.4000051,0.4000003,0.1999945
53,0.4000047,0.4000007,0.1999947
54,0.4000042,0.400001,0.1999949
55,0.4000035,0.4000013,0.1999951
56,0.4000029,0.4000017,0.1999954
57,0.4000023,0.4000021,0.1999956
58,0.4000016,0.4000026,0.1999958
59,0.400001,0.400003,0.1999961
60,0.4000002,0.4000035,0.1999964
61,0.3999996,0.4000039,0.1999965
62,0.3999988,0.4000044,0.1999967
63,0.3999982,0.4000048,0.1999971
64,0.3999976,0.4000051,0.1999973
65,0.3999969,0.4000055,0.1999975
66,0.3999964,0.4000058,0.1999978
67,0.3999958,0.4000062,0.199998
68,0.3999954,0.4000065,0.1999982
69,0.3999951,0.4000068,0.1999982
70,0.3999947,0.400007,0.1999983
71,0.3999943,0.4000072,0.1999985
72,0.3999942,0.4000072,0.1999986
73,0.3999941,0.4000074,0.1999986
74,0.3999941,0.4000074,0.1999985
75,0.3999941,0.4000073,0.1999985
76,0.3999943,0.4000072,0.1999985
77,0.3999946,0.4000071,0.1999984
78,0.3999949,0.4000069,0.1999982
79,0.3999953,0.4000067,0.199998
80,0.3999958,0.4000064,0.1999978
81,0.3999964,0.4000059,0.1999976
82,0.3999971,0.4000055,0.1999974
83,0.3999978,0.4000052,0.1999972
84,0.3999986,0.4000046,0.1999968
85,0.3999995,0.4000041,0.1999965
86,0.4000004,0.4000035,0.1999962
87,0.4000014,0.4000029,0.1999957
88,0.4000024,0.4000022,0.1999954
89,0.4000035,0.4000015,0.1999949
90,0.4000045,0.4000008,0.1999947
91,0.4000056,0.4000002,0.1999942
92,0.4000067,0.3999995,0.1999938
93,0.4000077,0.3999988,0.1999934
94,0.4000087,0.3999982,0.199993
95,0.4000098,0.3999976,0.1999927
96,0.4000106,0.3999969,0.1999924
97,0.4000116,0.3999964,0.199992
98,0.4000123,0.399996,0.1999917
99,0.4000131,0.3999955,0.1999914
100,0.4000137,0.399995,0.1999913
101,0.4000143,0.3999948,0.1999911
102,0.4000146,0.3999944,0.1999909
103,0.4000149,0.3999943,0.1999908
104,0.400015,0.3999942,0.1999909
105,0.4000151,0.3999941,0.1999908
106,0.4000149,0.3999942,0.1999909
107,0.4000147,0.3999943,0.199991
108,0.4000143,0.3999946,0.1999911
109,0.4000138,0.3999949,0.1999913
110,0.4000132,0.3999953,0.1999916
111,0.4000124,0.3999957,0.1999919
112,0.4000115,0.3999963,0.1999922
113,0.4000105,0.3999969,0.1999926
114,0.4000093,0.3999976,0.1999931
115,0.400008,0.3999985,0.1999935
116,0.4000066,0.3999993,0.199994
117,0.4000052,0.4000002,0.1999946
118,0.4000038,0.4000012,0.1999951
119,0.4000021,0.4000022,0.1999958
120,0.4000006,0.4000031,0.1999963
121,0.3999989,0.4000042,0.1999969
122,0.3999973,0.4000053,0.1999975
123,0.3999956,0.4000063,0.1999981
124,0.399994,0.4000073,0.1999987
125,0.3999924,0.4000083,0.1999993
126,0.3999909,0.4000093,0.1999999
127,0.3999895,0.4000101,0.2000004
128,0.3999882,0.400011,0.2000008
129,0.399987,0.4000118,0.2000012
130,0.3999859,0.4000124,0.2000017
131,0.399985,0.4000131,0.200002
132,0.3999842,0.4000135,0.2000023
133,0.3999837,0.4000138,0.2000025
134,0.3999833,0.4000143,0.2000026
135,0.3999829,0.4000143,0.2000027
136,0.399983,0.4000143,0.2000026
137,0.3999832,0.4000143,0.2000025
138,0.3999837,0.400014,0.2000023
139,0.3999842,0.4000136,0.2000021
140,0.3999851,0.4000131,0.2000017
141,0.3999862,0.4000124,0.2000014
142,0.3999875,0.4000117,0.2000009
143,0.3999889,0.4000107,0.2000004
144,0.3999906,0.4000098,0.1999998
145,0.3999923,0.4000086,0.199999
146,0.3999944,0.4000074,0.1999983
147,0.3999964,0.4000061,0.1999975
148,0.3999986,0.4000046,0.1999967
149,0.4000009,0.4000032,0.1999959
150,0.4000033,0.4000017,0.1999949
151,0.4000059,0.4000001,0.199994
152,0.4000084,0.3999986,0.1999931
153,0.4000109,0.3999969,0.1999921
154,0.4000134,0.3999953,0.1999912
155,0.4000159,0.3999937,0.1999903
156,0.4000183,0.3999923,0.1999894
157,0.4000205,0.3999908,0.1999886
158,0.4000227,0.3999894,0.1999879
159,0.4000247,0.3999882,0.1999871
160,0.4000265,0.399987,0.1999865
161,0.4000281,0.399986,0.1999859
162,0.4000294,0.3999851,0.1999855
163,0.4000306,0.3999844,0.199985
164,0.4000314,0.3999838,0.1999848
165,0.400032,0.3999834,0.1999846
166,0.4000324,0.3999832,0.1999844
167,0.4000323,0.3999832,0.1999844
168,0.4000319,0.3999834,0.1999847
169,0.4000312,0.3999839,0.1999849
170,0.4000303,0.3999845,0.1999853
171,0.4000289,0.3999853,0.1999858
172,0.4000273,0.3999863,0.1999864
173,0.4000252,0.3999875,0.1999872
174,0.400023,0.3999889,0.199988
175,0.4000204,0.3999905,0.199989
176,0.4000176,0.3999923,0.19999
177,0.4000146,0.3999942,0.1999913
178,0.4000113,0.3999963,0.1999924
179,0.4000078,0.3999984,0.1999938
180,0.4000042,0.4000006,0.1999952
181,0.4000005,0.400003,0.1999965
182,0.3999967,0.4000055,0.1999979
183,0.3999929,0.4000078,0.1999994
184,0.3999889,0.4000103,0.2000007
185,0.3999851,0.4000128,0.2000022
186,0.3999813,0.4000151,0.2000035
187,0.3999776,0.4000175,0.2000049
188,0.3999742,0.4000197,0.2000061
189,0.3999709,0.4000218,0.2000073
190,0.3999679,0.4000237,0.2000084
191,0.3999652,0.4000254,0.2000094
192,0.3999628,0.400027,0.2000103
193,0.3999607,0.4000283,0.200011
194,0.399959,0.4000293,0.2000116
195,0.3999577,0.4000303,0.2000121
196,0.399957,0.4000307,0.2000123
197,0.3999566,0.400031,0.2000124
198,0.3999567,0.4000309,0.2000123
199,0.3999574,0.4000306,0.200012
200,0.3999585,0.4000299,0.2000115
201,0.3999602,0.4000289,0.2000109
202,0.3999623,0.4000276,0.2000101
203,0.399965,0.4000259,0.200009
204,0.3999681,0.400024,0.2000079
205,0.3999716,0.4000219,0.2000065
206,0.3999756,0.4000194,0.2000051
207,0.39998,0.4000166,0.2000034
208,0.3999847,0.4000137,0.2000016
209,0.3999898,0.4000105,0.1999997
210,0.3999952,0.4000071,0.1999977
211,0.4000008,0.4000036,0.1999956
212,0.4000065,0.3999999,0.1999935
213,0.4000124,0.3999963,0.1999913
214,0.4000184,0.3999925,0.1999891
215,0.4000244,0.3999887,0.1999869
216,0.4000303,0.399985,0.1999848
217,0.400036,0.3999814,0.1999826
218,0.4000415,0.3999778,0.1999806
219,0.4000468,0.3999744,0.1999787
220,0.4000518,0.3999713,0.1999769
221,0.4000564,0.3999684,0.1999752
222,0.4000605,0.3999657,0.1999738
223,0.4000641,0.3999634,0.1999725
224,0.4000672,0.3999614,0.1999714
225,0.4000697,0.3999599,0.1999705
226,0.4000715,0.3999586,0.1999699
227,0.4000726,0.3999579,0.1999695
228,0.4000731,0.3999575,0.1999694
229,0.4000727,0.3999576,0.1999697
230,0.4000717,0.3999583,0.1999701
231,0.4000697,0.3999594,0.1999708
232,0.4000671,0.399961,0.1999719
233,0.4000637,0.3999631,0.1999732
234,0.4000595,0.3999658,0.1999748
235,0.4000547,0.3999687,0.1999767
236,0.4000489,0.3999722,0.1999788
237,0.4000428,0.3999761,0.1999812
238,0.400036,0.3999805,0.1999837
239,0.4000285,0.3999851,0.1999865
240,0.4000207,0.3999899,0.1999894
